0.03503799,0.1952362,0,0,0.5055237,0.4200058,0,0,1.377922,0.1014252,0,0,0.0641861,0.008544922,0,0,0.037323,0.01191711,0,0,0,0,0,0,0
0,0,0,0,0,0,0,0,0,0,0,0,0,0,0,0,0,0,0,0,0,0,0,0,0
0.007062912,0.1688385,0,0,0.3798218,0.2317581,0,0,1.152573,0.09333801,0,0,0.05368805,0.03009033,0,0,0.03569794,0.02227783,0,0,0,0,0,0,0
0.01712227,0.1439667,0,0,0.2054749,0.1544876,0,0,0.7906494,0.08796692,0,0,0.03419495,0.03231812,0,0,0.02695465,0.01637268,0,0,0,0,0,0,0
0,0,0,0,0,0,0,0,0,0,0,0,0,0,0,0,0,0,0,0,0,0,0,0,0
0.03138161,0.1273041,0,0,0.01011658,0.07321167,0,0,0.6461029,0.08712769,0,0,0.01223755,0.01123047,0,0,0.0276947,0.02227783,0,0,0,0,0,0,0
0,0,0,0,0,0,0,0,0,0,0,0,0,0,0,0,0,0,0,0,0,0,0,0,0
0.08186531,0.1179199,0,0,0.05401611,0.1031265,0,0,0.8578568,0.09460449,0,0,0.01441956,0.008880615,0,0,0.04570007,0.02139282,0,0,0,0,0,0,0
0.1106358,0.1055756,0,0,0.026474,0.08544159,0,0,0.8279266,0.115509,0,0,0.001792908,0.007766724,0,0,0.04116058,0.01739502,0,0,0,0,0,0,0
0,0,0,0,0,0,0,0,0,0,0,0,0,0,0,0,0,0,0,0,0,0,0,0,0
0.1009588,0.08927917,0,0,0.0324707,0.07427979,0,0,0.6094284,0.1152496,0,0,0.006973267,0.03967285,0,0,0.03887177,0.02241516,0,0,0,0,0,0,0
0,0,0,0,0,0,0,0,0,0,0,0,0,0,0,0,0,0,0,0,0,0,0,0,0
0.08714771,0.06555176,0,0,0.03657532,0.07298279,0,0,0.2353439,0.2942352,0,0,0.0002059937,0.05969238,0,0,0.03131866,0.02359009,0,0,0,0,0,0,0
0.07315445,0.0630188,0,0,0.03855896,0.0406189,0,0,0.1873245,0.1229248,0,0,0.01377106,0.01652527,0,0,0.03199005,0.03192139,0,0,0,0,0,0,0
0,0,0,0,0,0,0,0,0,0,0,0,0,0,0,0,0,0,0,0,0,0,0,0,0
0.1400709,0.2920074,0,0,0.04048157,0.1358643,0,0,0.5885162,0.2250061,0,0,0.2846603,0.001983643,0,0,0.003417969,0.1681366,0,0,0,0,0,0,0
0,0,0,0,0,0,0,0,0,0,0,0,0,0,0,0,0,0,0,0,0,0,0,0,0
0.09559822,0.2224426,0,0,0.1147919,0.1013565,0,0,0.3924637,0.06468201,0,0,0.3017502,0.2409515,0,0,0.0510025,0.06562805,0,0,0,0,0,0,0
0.07122326,0.1617737,0,0,0.2809296,0.2538528,0,0,0.09086609,0.3860474,0,0,0.1918488,0.102066,0,0,0.007995605,0.04747009,0,0,0,0,0,0,0
0,0,0,0,0,0,0,0,0,0,0,0,0,0,0,0,0,0,0,0,0,0,0,0,0
0.05168819,0.06892395,0,0,0.1480103,0.06365204,0,0,0.0944519,0.1665802,0,0,0.004852295,0.2298279,0,0,0.002944946,0.02307129,0,0,0,0,0,0,0
0,0,0,0,0,0,0,0,0,0,0,0,0,0,0,0,0,0,0,0,0,0,0,0,0
0.04071808,0.04931641,0,0,0.1145172,0.03367615,0,0,0.1747131,0.1385651,0,0,0.07280731,0.0814209,0,0,0.01477814,0.005493164,0,0,0,0,0,0,0
0.02759743,0.02812195,0,0,0.1179504,0.05991364,0,0,0.135704,0.117218,0,0,0.03852844,0.06169128,0,0,0.02239227,0.006530762,0,0,0,0,0,0,0
0,0,0,0,0,0,0,0,0,0,0,0,0,0,0,0,0,0,0,0,0,0,0,0,0
0.01924515,0.01765442,0,0,0.1456909,0.07524872,0,0,0.1136703,0.1425781,0,0,0.01932526,0.04324341,0,0,0.02147675,0.002365112,0,0,0,0,0,0,0
0,0,0,0,0,0,0,0,0,0,0,0,0,0,0,0,0,0,0,0,0,0,0,0,0
0.009311676,0.001876831,0,0,0.2858582,0.06755066,0,0,0.3911743,0.2937622,0,0,0.003761292,0.03353882,0,0,0.04650116,0.02166748,0,0,0,0,0,0,0
0.005322456,0.003219604,0,0,0.2437897,0.04660034,0,0,0.3129959,0.3410797,0,0,0.005340576,0.03431702,0,0,0.04199219,0.01971436,0,0,0,0,0,0,0
0,0,0,0,0,0,0,0,0,0,0,0,0,0,0,0,0,0,0,0,0,0,0,0,0
0.002812386,0.00050354,0,0,0.1952057,0.02837372,0,0,0.2103348,0.2686615,0,0,0.0369339,0.07691956,0,0,0.03058624,0.006835938,0,0,0,0,0,0,0
0,0,0,0,0,0,0,0,0,0,0,0,0,0,0,0,0,0,0,0,0,0,0,0,0
0.004687309,0.0007629395,0,0,0.1147308,0.01739502,0,0,0.01783752,0.5687256,0,0,0.01066589,0.02546692,0,0,0.02249146,0.002639771,0,0,0,0,0,0,0
0.005038261,0.003692627,0,0,0.07499695,0.006141663,0,0,0.08021545,2.876801,0,0,0.03988647,0.05989075,0,0,0.01215363,0.0008850098,0,0,0,0,0,0,0
0,0,0,0,0,0,0,0,0,0,0,0,0,0,0,0,0,0,0,0,0,0,0,0,0
0.004261017,0.002960205,0,0,0.04792786,0.002380371,0,0,0.009468079,0.05627441,0,0,0.04946899,0.08222961,0,0,0.008934021,0,0,0,0,0,0,0,0
0,0,0,0,0,0,0,0,0,0,0,0,0,0,0,0,0,0,0,0,0,0,0,0,0
0.003517151,0.004241943,0,0,0.03198242,0.001152039,0,0,0.001121521,0.2458649,0,0,0.04658508,0.07553101,0,0,0.006858826,0.0003662109,0,0,0,0,0,0,0
0.003063202,0.004150391,0,0,0.01306152,0.1903992,0,0,0.006065369,0.1069641,0,0,0.01351166,0.0294342,0,0,0.005844116,3.051758E-05,0,0,0,0,0,0,0
0,0,0,0,0,0,0,0,0,0,0,0,0,0,0,0,0,0,0,0,0,0,0,0,0
0.01833725,0.00793457,0,0,0.02523804,0.0567627,0,0,0.1227112,0.02012634,0,0,0.01686859,0.02526855,0,0,0.01707458,0.01054382,0,0,0,0,0,0,0
0,0,0,0,0,0,0,0,0,0,0,0,0,0,0,0,0,0,0,0,0,0,0,0,0
0.01777077,0.01135254,0,0,0.1717987,0.4551468,0,0,0.0272522,0.2580261,0,0,0.01706696,0.02476501,0,0,0.0141449,0.01675415,0,0,0,0,0,0,0
0.01110935,0.006637573,0,0,0.1040802,0.3039474,0,0,0.1144333,0.5234833,0,0,0.01036835,0.01824951,0,0,0.000541687,0.02215576,0,0,0,0,0,0,0
0,0,0,0,0,0,0,0,0,0,0,0,0,0,0,0,0,0,0,0,0,0,0,0,0
0.0403595,0.07342529,0,0,0.08863831,0.1732559,0,0,0.01119232,0.3647919,0,0,0.1816864,0.02861023,0,0,0.07606506,0.006469727,0,0,0,0,0,0,0
0.05006313,0.06774902,0,0,0.1138153,0.07904053,0,0,0.1577988,0.2598267,0,0,0.1818771,0.0398407,0,0,0.0838089,0.0105896,0,0,0,0,0,0,0
0,0,0,0,0,0,0,0,0,0,0,0,0,0,0,0,0,0,0,0,0,0,0,0,0
0.0469799,0.06140137,0,0,0.06089783,0.0449295,0,0,0.1015472,0.1983337,0,0,0.1764908,0.03875732,0,0,0.08740997,0.01116943,0,0,0,0,0,0,0
0,0,0,0,0,0,0,0,0,0,0,0,0,0,0,0,0,0,0,0,0,0,0,0,0
0.04495525,0.04360962,0,0,0.03149414,0.002929688,0,0,0.07519531,0.1213684,0,0,0.154129,0.03668213,0,0,0.07820129,0.01359558,0,0,0,0,0,0,0
0.03609371,0.06155396,0,0,0.01907349,0.0102005,0,0,0.05186462,0.07637024,0,0,0.04478455,0.008239746,0,0,0.0278244,0.007537842,0,0,0,0,0,0,0
0,0,0,0,0,0,0,0,0,0,0,0,0,0,0,0,0,0,0,0,0,0,0,0,0
0.03499603,0.05892944,0,0,0.01715088,0.02170563,0,0,0.08834839,0.05455017,0,0,0.02326202,0.004043579,0,0,0.0272522,0.02281189,0,0,0,0,0,0,0
0,0,0,0,0,0,0,0,0,0,0,0,0,0,0,0,0,0,0,0,0,0,0,0,0
0.07171726,0.04045105,0,0,0.1484375,0.03064728,0,0,0.2873154,0.171051,0,0,0.009796143,0.01655579,0,0,0.01158905,0.0221405,0,0,0,0,0,0,0
0.1100788,0.04748535,0,0,0.3450012,0.03417206,0,0,0.3485489,0.01045227,0,0,0.02709961,0.008666992,0,0,0.0276947,0.02064514,0,0,0,0,0,0,0
0,0,0,0,0,0,0,0,0,0,0,0,0,0,0,0,0,0,0,0,0,0,0,0,0
0.7809505,0.03993225,0,0,2.23262,0.04003143,0,0,1.111343,0.8479919,0,0,0.03871155,0.008789063,0,0,0.02710724,0.02687073,0,0,0,0,0,0,0
0,0,0,0,0,0,0,0,0,0,0,0,0,0,0,0,0,0,0,0,0,0,0,0,0
0.5930281,0.03643799,0,0,0.4634094,0.07596588,0,0,0.4209061,0.4300385,0,0,0.03084564,0.004653931,0,0,0.02549744,0.02990723,0,0,0,0,0,0,0
0.431715,0.03010559,0,0,0.2932434,0.0713501,0,0,0.5626373,0.918045,0,0,0.02983856,0.004455566,0,0,0.02963257,0.0377655,0,0,0,0,0,0,0
0,0,0,0,0,0,0,0,0,0,0,0,0,0,0,0,0,0,0,0,0,0,0,0,0
0.3122053,0.02233887,0,0,0.2175903,0.07764435,0,0,0.4288254,0.6825256,0,0,0.02143097,0.0006561279,0,0,0.02651978,0.0476532,0,0,0,0,0,0,0
0,0,0,0,0,0,0,0,0,0,0,0,0,0,0,0,0,0,0,0,0,0,0,0,0
0.2329254,0.01873779,0,0,0.1299438,0.06768799,0,0,0.2154617,0.1838684,0,0,0.01004791,0.005493164,0,0,0.02675629,0.04866028,0,0,0,0,0,0,0
0.3112116,0.1855621,0,0,0.3559418,0.3279419,0,0,0.3102264,0.228302,0,0,0.06641388,0.003097534,0,0,0.1939011,0.2261963,0,0,0,0,0,0,0
0,0,0,0,0,0,0,0,0,0,0,0,0,0,0,0,0,0,0,0,0,0,0,0,0
0.2128401,0.216156,0,0,0.3141937,0.2843399,0,0,0.264534,0.2805023,0,0,0.1904831,0.01789856,0,0,0.2029572,0.1790161,0,0,0,0,0,0,0
0,0,0,0,0,0,0,0,0,0,0,0,0,0,0,0,0,0,0,0,0,0,0,0,0
0.144762,0.1724396,0,0,0.2098999,0.3127899,0,0,0.1606979,0.4160614,0,0,0.1458359,0.005935669,0,0,0.1370163,0.129715,0,0,0,0,0,0,0
0.09567547,0.1955414,0,0,0.1639557,0.216835,0,0,0.07688904,0.6040802,0,0,0.1598358,0.02359009,0,0,0.1158295,0.1223907,0,0,0,0,0,0,0
0,0,0,0,0,0,0,0,0,0,0,0,0,0,0,0,0,0,0,0,0,0,0,0,0
0.0632267,0.1127014,0,0,0.06745911,0.2309113,0,0,0.01991272,0.3803101,0,0,0.0643692,0.0196991,0,0,0.06467438,0.100708,0,0,0,0,0,0,0
0,0,0,0,0,0,0,0,0,0,0,0,0,0,0,0,0,0,0,0,0,0,0,0,0
0.02110577,0.1297607,0,0,0.1237793,0.2369766,0,0,0.3347931,0.04934692,0,0,0.08220673,0.003555298,0,0,0.03379059,0.06648254,0,0,0,0,0,0,0
0.009111404,0.000869751,0,0,0.4748993,0.2984924,0,0,0.4061279,1.708694,0,0,0.06821442,0.01074219,0,0,0.02742767,0.05407715,0,0,0,0,0,0,0
0,0,0,0,0,0,0,0,0,0,0,0,0,0,0,0,0,0,0,0,0,0,0,0,0
0.001130104,0.1003113,0,0,0.9142151,0.4129562,0,0,0.496521,0.8062897,0,0,0.1135635,0.0146637,0,0,0.03582001,0.05685425,0,0,0,0,0,0,0
0,0,0,0,0,0,0,0,0,0,0,0,0,0,0,0,0,0,0,0,0,0,0,0,0
0.001969337,0.1148529,0,0,1.105423,0.3994293,0,0,0.4620667,0.6356201,0,0,0.1551819,0.01742554,0,0,0.03942108,0.05007935,0,0,0,0,0,0,0
0.0002918243,0.06904602,0,0,1.268188,0.324028,0,0,0.729866,0.5095367,0,0,0.1210403,0.02198792,0,0,0.07376099,0.08892822,0,0,0,0,0,0,0
0,0,0,0,0,0,0,0,0,0,0,0,0,0,0,0,0,0,0,0,0,0,0,0,0
0.0002746582,0.03926086,0,0,1.325668,0.238945,0,0,1.197739,0.1828003,0,0,0.07572937,0.01753235,0,0,0.07484436,0.1076813,0,0,0,0,0,0,0
0,0,0,0,0,0,0,0,0,0,0,0,0,0,0,0,0,0,0,0,0,0,0,0,0
0.02278996,0.09854126,0,0,1.181198,0.1914139,0,0,1.418098,0.5352631,0,0,0.1108246,0.008071899,0,0,0.1236496,0.1637268,0,0,0,0,0,0,0
0.04953957,0.1002197,0,0,1.165314,0.1863022,0,0,1.498207,0.0843811,0,0,0.1364212,0.01663208,0,0,0.1868668,0.2449799,0,0,0,0,0,0,0
0,0,0,0,0,0,0,0,0,0,0,0,0,0,0,0,0,0,0,0,0,0,0,0,0
0.05294037,0.131424,0,0,0.9793396,0.1407089,0,0,1.394943,0.3592682,0,0,0.1457596,0.01661682,0,0,0.200737,0.2550354,0,0,0,0,0,0,0
0,0,0,0,0,0,0,0,0,0,0,0,0,0,0,0,0,0,0,0,0,0,0,0,0
0.07350445,0.2071533,0,0,0.8463135,0.11026,0,0,1.221237,0.1765747,0,0,0.2002106,0.0355072,0,0,0.2474594,0.2929535,0,0,0,0,0,0,0
0.1125689,0.2980957,0,0,0.9963226,0.2407303,0,0,1.258926,0.5144348,0,0,0.3451157,0.07528687,0,0,0.3106613,0.2858276,0,0,0,0,0,0,0
0,0,0,0,0,0,0,0,0,0,0,0,0,0,0,0,0,0,0,0,0,0,0,0,0
0.06269455,0.1636505,0,0,0.9341278,0.2723846,0,0,0.9760132,0.3351898,0,0,0.1733093,0.004928589,0,0,0.2434158,0.2313995,0,0,0,0,0,0,0
0,0,0,0,0,0,0,0,0,0,0,0,0,0,0,0,0,0,0,0,0,0,0,0,0
0.06317139,0.1216888,0,0,0.8641663,0.2639999,0,0,0.8550949,0.3967438,0,0,0.1654816,0.01524353,0,0,0.240097,0.1952972,0,0,0,0,0,0,0
0.06952667,0.05230713,0,0,0.8031006,0.2795181,0,0,0.5464935,0.1225433,0,0,0.1981735,0.002258301,0,0,0.2685699,0.2011871,0,0,0,0,0,0,0
0,0,0,0,0,0,0,0,0,0,0,0,0,0,0,0,0,0,0,0,0,0,0,0,0
0.07831287,0.04948425,0,0,0.4252777,1.096825,0,0,0.6390762,0.2807617,0,0,0.2078323,0.02023315,0,0,0.2708435,0.1738892,0,0,0,0,0,0,0
0,0,0,0,0,0,0,0,0,0,0,0,0,0,0,0,0,0,0,0,0,0,0,0,0
0.0986557,1.459274,0,0,3.84874,1.800835,0,0,0.5913849,1.463028,0,0,0.2281952,0.01802063,0,0,0.3266983,0.1660309,0,0,0,0,0,0,0
0.09646893,2.029694,0,0,5.013275,2.979149,0,0,0.6007004,1.657257,0,0,0.2171631,0.02268982,0,0,0.3086395,0.1471558,0,0,0,0,0,0,0
0,0,0,0,0,0,0,0,0,0,0,0,0,0,0,0,0,0,0,0,0,0,0,0,0
0.02274609,3.244415,0,0,0.7304382,4.957932,0,0,1.207169,5.511429,0,0,0.3785553,0.003555298,0,0,0.5143738,0.04612732,0,0,0,0,0,0,0
0,0,0,0,0,0,0,0,0,0,0,0,0,0,0,0,0,0,0,0,0,0,0,0,0
0.1292744,1.453369,0,0,1.104553,2.269844,0,0,1.661873,0.2288971,0,0,0.2097778,0.0327301,0,0,0.1600189,0.09384155,0,0,0,0,0,0,0
0.205761,0.6017914,0,0,0.549942,0.6526031,0,0,2.000343,0.1945038,0,0,0.3181686,0.088974,0,0,0.02750397,0.095047,0,0,0,0,0,0,0
0,0,0,0,0,0,0,0,0,0,0,0,0,0,0,0,0,0,0,0,0,0,0,0,0
0.2926702,0.2471771,0,0,0.287796,0.2626953,0,0,2.470215,0.877243,0,0,0.4886017,0.125351,0,0,0.165802,0.1343994,0,0,0,0,0,0,0
0,0,0,0,0,0,0,0,0,0,0,0,0,0,0,0,0,0,0,0,0,0,0,0,0
0.3572683,0.2881012,0,0,0.01101685,0.03114319,0,0,1.964066,0.4340363,0,0,0.3617554,0.1488495,0,0,0.4541855,0.4956818,0,0,0,0,0,0,0
0.2855921,9.625717,0,0,291.7148,8.444611,0,0,1.471352,0.9594421,0,0,0.4340515,0.1325073,0,0,0.4378204,0.3757324,0,0,0,0,0,0,0
0,0,0,0,0,0,0,0,0,0,0,0,0,0,0,0,0,0,0,0,0,0,0,0,0
0.1886139,10.9451,0,0,292.7836,10.15439,0,0,1.221321,0.02565002,0,0,0.1521683,0.06361389,0,0,0.3300552,0.2688599,0,0,0,0,0,0,0
0,0,0,0,0,0,0,0,0,0,0,0,0,0,0,0,0,0,0,0,0,0,0,0,0
0.1421824,1.121597,0,0,0.7006226,1.450874,0,0,0.5941696,0.7314148,0,0,0.1265945,0.002975464,0,0,0.2779312,0.1964111,0,0,0,0,0,0,0
0.2024488,1.203522,0,0,0.6668091,0.9425735,0,0,0.08141327,0.8819733,0,0,0.3109818,0.03442383,0,0,0.2934189,0.09518433,0,0,0,0,0,0,0
0,0,0,0,0,0,0,0,0,0,0,0,0,0,0,0,0,0,0,0,0,0,0,0,0
0.2175064,0.9756165,0,0,0.6145172,0.2206497,0,0,0.0745697,0.2639618,0,0,0.3218842,0.02610779,0,0,0.3215942,0.06768799,0,0,0,0,0,0,0
0,0,0,0,0,0,0,0,0,0,0,0,0,0,0,0,0,0,0,0,0,0,0,0,0
0.1898394,0.8105011,0,0,0.4629822,0.3662567,0,0,0.09458923,0.3525696,0,0,0.2074814,0.02742004,0,0,0.2581558,0.02616882,0,0,0,0,0,0,0
0.1659594,0.7595825,0,0,0.3852844,0.5451355,0,0,0.1031189,0.2409363,0,0,0.1295471,0.03303528,0,0,0.2170258,0.01690674,0,0,0,0,0,0,0
0,0,0,0,0,0,0,0,0,0,0,0,0,0,0,0,0,0,0,0,0,0,0,0,0
0.1364698,0.9582062,0,0,0.08576965,1.469284,0,0,0.1494751,0.1082611,0,0,0.04003143,0.03790283,0,0,0.1545486,0.00177002,0,0,0,0,0,0,0
0,0,0,0,0,0,0,0,0,0,0,0,0,0,0,0,0,0,0,0,0,0,0,0,0
0.1218681,0.7528992,0,0,0.4012756,1.141548,0,0,0.1615524,0.01029968,0,0,0.004379272,0.03259277,0,0,0.1116867,0.0296936,0,0,0,0,0,0,0
0.1015348,14.50723,0,0,292.8561,16.78305,0,0,0.1304321,0.08935547,0,0,0.00643158,0.02758789,0,0,0.08864594,0.03778076,0,0,0,0,0,0,0
0,0,0,0,0,0,0,0,0,0,0,0,0,0,0,0,0,0,0,0,0,0,0,0,0
0.08170605,15.44104,0,0,291.9581,18.29063,0,0,0.08966827,0.1750946,0,0,0.02140045,0.02593994,0,0,0.059021,0.04867554,0,0,0,0,0,0,0
0,0,0,0,0,0,0,0,0,0,0,0,0,0,0,0,0,0,0,0,0,0,0,0,0
0.07073879,0.1746063,0,0,0.3471375,0.003211975,0,0,0.07806396,0.4757385,0,0,0.03592682,0.02204895,0,0,0.04911041,0.06460571,0,0,0,0,0,0,0
0,0,0,0,0,0,0,0,0,0,0,0,0,0,0,0,0,0,0,0,0,0,0,0,0
0.06618309,0.2302856,0,0,0.1895599,0.4525757,0,0,0.07249451,0.3397217,0,0,0.03969574,0.02505493,0,0,0.01998901,0.1153717,0,0,0,0,0,0,0
0.07106781,0.227951,0,0,0.3013153,0.4524384,0,0,0.09233093,0.08407593,0,0,0.03964233,0.02252197,0,0,0.0009307861,0.1477203,0,0,0,0,0,0,0
0.07800293,0.07188416,0,0,1.067276,0.8338394,0,0,0.0941925,0.1320343,0,0,0.04914856,0.02148438,0,0,0.04396057,0.25177,0,0,0,0,0,0,0
0,0,0,0,0,0,0,0,0,0,0,0,0,0,0,0,0,0,0,0,0,0,0,0,0
0,0,0,0,0,0,0,0,0,0,0,0,0,0,0,0,0,0,0,0,0,0,0,0,0
0.05480671,0.01858521,0,0,0.8540802,0.6372833,0,0,0.0982132,0.0869751,0,0,0.09540558,0.0003204346,0,0,0.1312561,0.3259888,0,0,0,0,0,0,0
0,0,0,0,0,0,0,0,0,0,0,0,0,0,0,0,0,0,0,0,0,0,0,0,0
0.03610229,0.1693573,0,0,1.562256,1.411606,0,0,0.07146454,0.01753235,0,0,0.1090012,0.03056335,0,0,0.1411057,0.3307037,0,0,0,0,0,0,0
0.02806187,0.1668549,0,0,1.14856,1.093597,0,0,0.08740234,0.07887268,0,0,0.1044693,0.03041077,0,0,0.1237488,0.3051453,0,0,0,0,0,0,0
0,0,0,0,0,0,0,0,0,0,0,0,0,0,0,0,0,0,0,0,0,0,0,0,0
0.02450275,0.1685638,0,0,0.8408356,1.085167,0,0,0.09118652,0.06988525,0,0,0.1003952,0.0211792,0,0,0.1076813,0.261795,0,0,0,0,0,0,0
0,0,0,0,0,0,0,0,0,0,0,0,0,0,0,0,0,0,0,0,0,0,0,0,0
0.04735947,0.3190002,0,0,0.7434998,1.443886,0,0,0.264473,0.08757019,0,0,0.220932,0.0007781982,0,0,0.07108307,0.2553864,0,0,0,0,0,0,0
0.04354,0.2758484,0,0,0.0401001,1.166855,0,0,0.2372284,0.08403015,0,0,0.1716461,0.01174927,0,0,0.06007385,0.2304077,0,0,0,0,0,0,0
0,0,0,0,0,0,0,0,0,0,0,0,0,0,0,0,0,0,0,0,0,0,0,0,0
0.0333004,0.01950073,0,0,0.08952332,0.3633194,0,0,0.1962967,0.5646667,0,0,0.1050644,0.02140808,0,0,0.0459137,0.2032623,0,0,0,0,0,0,0
0.0375967,13.29578,0,0,293.9648,15.29324,0,0,0.15065,0.5168915,0,0,0.03984833,0.01358032,0,0,0.0397644,0.2016296,0,0,0,0,0,0,0
0,0,0,0,0,0,0,0,0,0,0,0,0,0,0,0,0,0,0,0,0,0,0,0,0
0.06103992,13.2821,0,0,44.39442,15.36237,0,0,0.1237335,0.4163818,0,0,0.04423523,0.01095581,0,0,0.1083832,0.1360016,0,0,0,0,0,0,0
0,0,0,0,0,0,0,0,0,0,0,0,0,0,0,0,0,0,0,0,0,0,0,0,0
0.06137943,0.04655457,0,0,338.3634,0.07183075,0,0,0.12854,0.3344727,0,0,0.07099915,0.02964783,0,0,0.1054001,0.07778931,0,0,0,0,0,0,0
0,0,0,0,0,0,0,0,0,0,0,0,0,0,0,0,0,0,0,0,0,0,0,0,0
0.04707336,13.14954,0,0,294.2467,15.36006,0,0,0.09481812,0.133316,0,0,0.05636597,0.02478027,0,0,0.0891571,0.0584259,0,0,0,0,0,0,0
0.03491688,13.25615,0,0,294.4292,15.41887,0,0,0.03249359,0.03898621,0,0,0.0351181,0.01629639,0,0,0.06152344,0.04690552,0,0,0,0,0,0,0
0,0,0,0,0,0,0,0,0,0,0,0,0,0,0,0,0,0,0,0,0,0,0,0,0
0.02426243,0.07910156,0,0,0.04086304,0.03701019,0,0,0.02658081,0.07032776,0,0,0.003990173,0.01022339,0,0,0.02010345,0.03509521,0,0,0,0,0,0,0
0,0,0,0,0,0,0,0,0,0,0,0,0,0,0,0,0,0,0,0,0,0,0,0,0
0.02343559,0.0990448,0,0,0.03681946,0.04747009,0,0,0.04632568,0.0730896,0,0,0.0888443,0.02119446,0,0,0.1066132,0.03953552,0,0,0,0,0,0,0
0.02573681,13.09346,0,0,294.6691,15.66006,0,0,0.01554108,0.9786987,0,0,0.1401062,0.02934265,0,0,0.1727676,0.02738953,0,0,0,0,0,0,0
0,0,0,0,0,0,0,0,0,0,0,0,0,0,0,0,0,0,0,0,0,0,0,0,0
0.02426243,13.34206,0,0,294.6537,15.76836,0,0,0.08465576,0.05276489,0,0,0.1295853,0.0395813,0,0,0.1518173,0.02552795,0,0,0,0,0,0,0
0,0,0,0,0,0,0,0,0,0,0,0,0,0,0,0,0,0,0,0,0,0,0,0,0
0.02204609,0.1000977,0,0,0.016922,0.06721497,0,0,0.06970978,0.5509491,0,0,0.110527,0.02682495,0,0,0.1305008,0.02616882,0,0,0,0,0,0,0
0.01920986,0.1168518,0,0,0.01992798,0.1879501,0,0,0.02224731,0.3680725,0,0,0.06335449,0.007781982,0,0,0.08486176,0.04020691,0,0,0,0,0,0,0
0,0,0,0,0,0,0,0,0,0,0,0,0,0,0,0,0,0,0,0,0,0,0,0,0
0.01503181,0.04481506,0,0,0.01551819,0.02450562,0,0,0.0008926392,0.2797089,0,0,0.04138947,0.005844116,0,0,0.05040741,0.03634644,0,0,0,0,0,0,0
0.03129005,0.03564453,0,0,0.02146912,0.03030396,0,0,0.004348755,0.3325348,0,0,0.07519531,0.02815247,0,0,0.08313751,0.04762268,0,0,0,0,0,0,0
0,0,0,0,0,0,0,0,0,0,0,0,0,0,0,0,0,0,0,0,0,0,0,0,0
0.0481863,0.1570587,0,0,0.05039978,1.11837,0,0,0.1408234,0.2611694,0,0,0.1052933,0.05519104,0,0,0.1306305,0.1220856,0,0,0,0,0,0,0
0,0,0,0,0,0,0,0,0,0,0,0,0,0,0,0,0,0,0,0,0,0,0,0,0
0.03744793,0.1864166,0,0,0.185257,0.8233337,0,0,0.2357101,0.2525787,0,0,0.04708099,0.003875732,0,0,0.1012878,0.1062317,0,0,0,0,0,0,0
0.04706955,0.2387543,0,0,338.2926,0.4623032,0,0,0.1858368,0.09654236,0,0,0.07898712,0.02627563,0,0,0.09446716,0.1253662,0,0,0,0,0,0,0
0,0,0,0,0,0,0,0,0,0,0,0,0,0,0,0,0,0,0,0,0,0,0,0,0
0.04502869,0.3173523,0,0,0.2975159,0.3287354,0,0,0.1780624,0.09176636,0,0,0.195076,0.007598877,0,0,0.1117859,0.1116943,0,0,0,0,0,0,0
0,0,0,0,0,0,0,0,0,0,0,0,0,0,0,0,0,0,0,0,0,0,0,0,0
0.03837967,12.21996,0,0,41.14857,10.99605,0,0,0.147934,0.1807404,0,0,0.1909256,0.03579712,0,0,0.1154175,0.1012726,0,0,0,0,0,0,0
0.04505157,0.1470032,0,0,0.03226471,0.0322876,0,0,0.1452942,0.1150818,0,0,0.157608,0.03013611,0,0,0.1181793,0.1105652,0,0,0,0,0,0,0
0,0,0,0,0,0,0,0,0,0,0,0,0,0,0,0,0,0,0,0,0,0,0,0,0
0.03555393,0.407547,0,0,0.3869858,0.3495865,0,0,0.04382324,0.06765747,0,0,0.1245804,0.02734375,0,0,0.0974884,0.08374023,0,0,0,0,0,0,0
0,0,0,0,0,0,0,0,0,0,0,0,0,0,0,0,0,0,0,0,0,0,0,0,0
0.02666664,11.92458,0,0,40.6752,10.91378,0,0,0.03772736,0.04837036,0,0,0.1007156,0.02003479,0,0,0.08223724,0.05934143,0,0,0,0,0,0,0
0.01348877,0.1201477,0,0,0.1914673,0.06606293,0,0,0.03009033,0.03105164,0,0,0.0243988,0.01275635,0,0,0.1737518,0.01803589,0,0,0,0,0,0,0
0,0,0,0,0,0,0,0,0,0,0,0,0,0,0,0,0,0,0,0,0,0,0,0,0
0.01869869,0.3189087,0,0,335.7605,1.293526,0,0,0.007263184,0.510437,0,0,0.04781342,0.001190186,0,0,0.1810455,0.03460693,0,0,0,0,0,0,0
0,0,0,0,0,0,0,0,0,0,0,0,0,0,0,0,0,0,0,0,0,0,0,0,0
0.02211571,0.3157349,0,0,0.08726501,1.247002,0,0,0.009521484,0.2298279,0,0,0.04759216,0.007980347,0,0,0.1644135,0.03948975,0,0,0,0,0,0,0
0.0271883,13.24536,0,0,294.212,14.29113,0,0,0.01024628,0.1533966,0,0,0.054039,0.005020142,0,0,0.1446686,0.04066467,0,0,0,0,0,0,0
0,0,0,0,0,0,0,0,0,0,0,0,0,0,0,0,0,0,0,0,0,0,0,0,0
0.03324509,0.04264832,0,0,0.1811676,0.2767258,0,0,0.01317596,0.1051178,0,0,0.07298279,0.005447388,0,0,0.1482086,0.04295349,0,0,0,0,0,0,0
0,0,0,0,0,0,0,0,0,0,0,0,0,0,0,0,0,0,0,0,0,0,0,0,0
0.03281498,0.2624512,0,0,0.461998,0.1750412,0,0,0.02941132,0.2352753,0,0,0.07226563,0.00982666,0,0,0.1258621,0.04066467,0,0,0,0,0,0,0
0.02504444,0.03410339,0,0,0.06999969,0.2697601,0,0,0.03141022,0.2402191,0,0,0.068367,0.01063538,0,0,0.09283447,0.02838135,0,0,0,0,0,0,0
0,0,0,0,0,0,0,0,0,0,0,0,0,0,0,0,0,0,0,0,0,0,0,0,0
0.06181145,10.53313,0,0,23.75533,8.363152,0,0,0.06759644,0.5528717,0,0,0.07181549,0.001419067,0,0,0.04322815,0.03953552,0,0,0,0,0,0,0
0,0,0,0,0,0,0,0,0,0,0,0,0,0,0,0,0,0,0,0,0,0,0,0,0
0.1809492,0.5469513,0,0,17.01758,10.96009,0,0,0.05980682,0.4125824,0,0,0.7076645,0.1817322,0,0,0.3547821,0.2159271,0,0,0,0,0,0,0
0.1484308,10.22917,0,0,18.66676,2.86235,0,0,0.07480621,0.2836304,0,0,0.696846,0.1691589,0,0,0.3563232,0.1929016,0,0,0,0,0,0,0
0,0,0,0,0,0,0,0,0,0,0,0,0,0,0,0,0,0,0,0,0,0,0,0,0
0.09570503,340.44,0,0,7.527962,5.695663,0,0,0.09138489,0.2275391,0,0,0.6307678,0.1095581,0,0,0.2898941,0.1478424,0,0,0,0,0,0,0
0,0,0,0,0,0,0,0,0,0,0,0,0,0,0,0,0,0,0,0,0,0,0,0,0
0.07129383,340.0766,0,0,7.468468,3.090439,0,0,0.01993561,0.7586365,0,0,0.5346527,0.07911682,0,0,0.2810135,0.138031,0,0,0,0,0,0,0
0.04680157,340.1446,0,0,2.93251,7.084778,0,0,0.3777313,0.4946136,0,0,0.4102097,0.0504303,0,0,0.2213058,0.09828186,0,0,0,0,0,0,0
0,0,0,0,0,0,0,0,0,0,0,0,0,0,0,0,0,0,0,0,0,0,0,0,0
0.02688694,329.9083,0,0,15.8877,10.48413,0,0,0.2405319,2.104828,0,0,0.2246475,0.03109741,0,0,0.1424332,0.06687927,0,0,0,0,0,0,0
0,0,0,0,0,0,0,0,0,0,0,0,0,0,0,0,0,0,0,0,0,0,0,0,0
0.007991791,10.34966,0,0,16.65724,3.169189,0,0,0.1925354,0.205307,0,0,0.08390808,0.000213623,0,0,0.03605652,0.03652954,0,0,0,0,0,0,0
0.005016327,0.1048126,0,0,1.216064,2.599518,0,0,0.1359711,0.03903198,0,0,0.06061554,0.01135254,0,0,0.04425049,0.0193634,0,0,0,0,0,0,0
0,0,0,0,0,0,0,0,0,0,0,0,0,0,0,0,0,0,0,0,0,0,0,0,0
0.001034737,0.1071014,0,0,0.964325,1.908348,0,0,0.099823,0.01298523,0,0,0.03759766,0.007720947,0,0,0.02254486,0.00642395,0,0,0,0,0,0,0
0,0,0,0,0,0,0,0,0,0,0,0,0,0,0,0,0,0,0,0,0,0,0,0,0
0.001182556,0.08476257,0,0,0.6931,1.31411,0,0,0.0739975,0.4048157,0,0,0.02429962,0.00227356,0,0,0.00945282,0.003326416,0,0,0,0,0,0,0
0.001829147,0.1804504,0,0,0.6682663,0.9582367,0,0,0.03820038,0.1296692,0,0,0.0003890991,0.02200317,0,0,0.00944519,0.0008392334,0,0,0,0,0,0,0
0,0,0,0,0,0,0,0,0,0,0,0,0,0,0,0,0,0,0,0,0,0,0,0,0
0.002138138,0.03863525,0,0,0.06948853,0.4832535,0,0,0.03040314,0.08609009,0,0,0.009361267,0.002029419,0,0,0.005455017,0.002807617,0,0,0,0,0,0,0
0,0,0,0,0,0,0,0,0,0,0,0,0,0,0,0,0,0,0,0,0,0,0,0,0
0.005139351,0.08766174,0,0,0.3773727,0.4938889,0,0,0.02131653,0.03530884,0,0,0.001358032,0.0007629395,0,0,0.0007324219,0.007415771,0,0,0,0,0,0,0
0.005449295,12.57718,0,0,40.1638,10.65498,0,0,0.02427673,2.072174,0,0,0.02522278,0.007034302,0,0,0.006546021,0.0161438,0,0,0,0,0,0,0
0,0,0,0,0,0,0,0,0,0,0,0,0,0,0,0,0,0,0,0,0,0,0,0,0
0.006650925,12.70628,0,0,39.88676,9.65934,0,0,0.02153015,0.7484741,0,0,0.03530884,0.009780884,0,0,0.004478455,0.01928711,0,0,0,0,0,0,0
0,0,0,0,0,0,0,0,0,0,0,0,0,0,0,0,0,0,0,0,0,0,0,0,0
0.006800652,0.4778137,0,0,1.315231,1.445267,0,0,0.0174942,0.4111481,0,0,0.04828644,0.02590942,0,0,0.001365662,0.0186615,0,0,0,0,0,0,0
0.02503777,12.95366,0,0,43.93499,11.61687,0,0,0.04608154,0.2727814,0,0,0.1741257,0.04042053,0,0,0.02705383,0.0473175,0,0,0,0,0,0,0
0,0,0,0,0,0,0,0,0,0,0,0,0,0,0,0,0,0,0,0,0,0,0,0,0
0.02508068,12.98776,0,0,43.561,11.13792,0,0,0.03560638,3.573563,0,0,0.163147,0.03466797,0,0,0.02811432,0.0483551,0,0,0,0,0,0,0
0.02444363,0.1267242,0,0,1.004898,0.7852554,0,0,0.05010223,0.1292267,0,0,0.1349106,0.03553772,0,0,0.01916504,0.04928589,0,0,0,0,0,0,0
0,0,0,0,0,0,0,0,0,0,0,0,0,0,0,0,0,0,0,0,0,0,0,0,0
0.03228474,0.07542419,0,0,0.144928,0.1893997,0,0,0.04502106,0.2371521,0,0,0.1644135,0.04336548,0,0,0.07025909,0.05052185,0,0,0,0,0,0,0
0,0,0,0,0,0,0,0,0,0,0,0,0,0,0,0,0,0,0,0,0,0,0,0,0
0.02561092,0.3986969,0,0,1.498428,1.275497,0,0,0.05848694,0.009277344,0,0,0.1450882,0.04013062,0,0,0.06595612,0.04362488,0,0,0,0,0,0,0
0.023983,13.53119,0,0,46.98694,13.37189,0,0,0.05213165,0.1304321,0,0,0.09033203,0.03656006,0,0,0.04971313,0.03739929,0,0,0,0,0,0,0
0,0,0,0,0,0,0,0,0,0,0,0,0,0,0,0,0,0,0,0,0,0,0,0,0
0.01855183,0.02572632,0,0,0.1344452,0.2429733,0,0,0.06812286,0.6083679,0,0,0.05804443,0.02090454,0,0,0.03529358,0.0284729,0,0,0,0,0,0,0
0,0,0,0,0,0,0,0,0,0,0,0,0,0,0,0,0,0,0,0,0,0,0,0,0
0.0155611,13.64426,0,0,47.28587,13.82656,0,0,0.0535965,0.243988,0,0,0.05045319,0.01060486,0,0,0.04776764,0.01974487,0,0,0,0,0,0,0
0.01543999,0.06538391,0,0,0.2962646,0.03762054,0,0,0.05136108,0.402832,0,0,0.04045105,0.005462646,0,0,0.04508209,0.01379395,0,0,0,0,0,0,0
0,0,0,0,0,0,0,0,0,0,0,0,0,0,0,0,0,0,0,0,0,0,0,0,0
0.01149178,13.48352,0,0,46.58478,13.2588,0,0,0.09645844,0.09896851,0,0,0.01213074,0.01422119,0,0,0.03113556,0.01260376,0,0,0,0,0,0,0
0,0,0,0,0,0,0,0,0,0,0,0,0,0,0,0,0,0,0,0,0,0,0,0,0
0.002214432,0.05960083,0,0,0.4844818,0.261467,0,0,0.08493042,0.1976929,0,0,0.01303101,0.0116272,0,0,0.01078796,0.002166748,0,0,0,0,0,0,0
0.002624512,13.48853,0,0,46.62453,13.09947,0,0,0.06764984,0.05335999,0,0,0.006011963,0.008300781,0,0,0.005699158,0.0009307861,0,0,0,0,0,0,0
0,0,0,0,0,0,0,0,0,0,0,0,0,0,0,0,0,0,0,0,0,0,0,0,0
0.02312374,13.42567,0,0,46.46902,13.04053,0,0,0.09324646,0.07485962,0,0,0.0268631,0.0144043,0,0,0.03297424,0.004821777,0,0,0,0,0,0,0
0,0,0,0,0,0,0,0,0,0,0,0,0,0,0,0,0,0,0,0,0,0,0,0,0
0.02416515,13.45879,0,0,46.29406,12.96625,0,0,0.08000183,0.0582428,0,0,0.04774475,0.02545166,0,0,0.03210449,0.001205444,0,0,0,0,0,0,0
0.03315544,0.8888092,0,0,2.5867,2.297791,0,0,0.04938507,0.05682373,0,0,0.0001144409,0.0166626,0,0,0.06443787,0.01501465,0,0,0,0,0,0,0
0,0,0,0,0,0,0,0,0,0,0,0,0,0,0,0,0,0,0,0,0,0,0,0,0
0.02320194,14.24814,0,0,49.64646,16.12151,0,0,0.01480865,0.005767822,0,0,0.03757477,0.03808594,0,0,0.03528595,0.0171814,0,0,0,0,0,0,0
0,0,0,0,0,0,0,0,0,0,0,0,0,0,0,0,0,0,0,0,0,0,0,0,0
0.01840878,14.20834,0,0,47.43211,13.81297,0,0,0.03248596,0.02867126,0,0,0.07120514,0.0464325,0,0,0.1123734,0.006164551,0,0,0,0,0,0,0
0.01525688,0.07762146,0,0,0.1640091,0.2155609,0,0,0.03729248,0.1976166,0,0,0.07126617,0.02320862,0,0,0.1180191,0.003311157,0,0,0,0,0,0,0
0,0,0,0,0,0,0,0,0,0,0,0,0,0,0,0,0,0,0,0,0,0,0,0,0
0.01234722,0.1691284,0,0,0.09184265,0.2274399,0,0,0.02754974,0.6427612,0,0,0.0514679,0.007614136,0,0,0.1082458,0.01098633,0,0,0,0,0,0,0
0,0,0,0,0,0,0,0,0,0,0,0,0,0,0,0,0,0,0,0,0,0,0,0,0
0.01212025,0.1788635,0,0,0.2928467,0.0291214,0,0,0.03898621,0.1189575,0,0,0.01665497,0.005126953,0,0,0.08661652,0.01879883,0,0,0,0,0,0,0
0.009246826,0.1468658,0,0,0.40448,0.2889481,0,0,0.0007324219,0.0723114,0,0,0.01482391,0.002487183,0,0,0.07640076,0.01690674,0,0,0,0,0,0,0
0,0,0,0,0,0,0,0,0,0,0,0,0,0,0,0,0,0,0,0,0,0,0,0,0
0.01429081,14.04817,0,0,48.05293,14.13304,0,0,0.0112381,0.3199463,0,0,0.06466675,0.01502991,0,0,0.1512756,0.02920532,0,0,0,0,0,0,0
0,0,0,0,0,0,0,0,0,0,0,0,0,0,0,0,0,0,0,0,0,0,0,0,0
0.01194763,13.7157,0,0,46.99983,14.20023,0,0,0.0009155273,0.1048737,0,0,0.05895233,0.01512146,0,0,0.1342468,0.02957153,0,0,0,0,0,0,0
0.01054859,13.62553,0,0,46.96947,14.43714,0,0,0.01291656,0.113266,0,0,0.05608368,0.02153015,0,0,0.1089554,0.03053284,0,0,0,0,0,0,0
0,0,0,0,0,0,0,0,0,0,0,0,0,0,0,0,0,0,0,0,0,0,0,0,0
0.0164814,0.0818634,0,0,0.2401886,0.1739655,0,0,0.03632355,0.02529907,0,0,0.04924774,0.03297424,0,0,0.09784698,0.05201721,0,0,0,0,0,0,0
0,0,0,0,0,0,0,0,0,0,0,0,0,0,0,0,0,0,0,0,0,0,0,0,0
0.01382637,13.79915,0,0,47.08542,13.38812,0,0,0.00969696,0.006027222,0,0,0.03694916,0.03057861,0,0,0.0711441,0.05657959,0,0,0,0,0,0,0
0.02139378,0.02372742,0,0,0.04147339,0.1041641,0,0,0.00289917,0.09393311,0,0,0.05136108,0.02203369,0,0,0.1012039,0.06318665,0,0,0,0,0,0,0
0,0,0,0,0,0,0,0,0,0,0,0,0,0,0,0,0,0,0,0,0,0,0,0,0
0.01830864,0.06689453,0,0,0.1277542,0.02758026,0,0,0.0004653931,0.5469971,0,0,0.029953,0.01394653,0,0,0.06614685,0.054245,0,0,0,0,0,0,0
0,0,0,0,0,0,0,0,0,0,0,0,0,0,0,0,0,0,0,0,0,0,0,0,0
0.01472092,13.60329,0,0,46.03365,12.65967,0,0,0.001045227,0.1894531,0,0,0.01812744,0.0151062,0,0,0.04341125,0.05021667,0,0,0,0,0,0,0
0.01346493,13.79976,0,0,46.42757,12.40542,0,0,0.00239563,0.8929443,0,0,0.02845001,0.02290344,0,0,0.04155731,0.05355835,0,0,0,0,0,0,0
0,0,0,0,0,0,0,0,0,0,0,0,0,0,0,0,0,0,0,0,0,0,0,0,0
0.01124096,2.31366,0,0,3.459641,4.491051,0,0,0.00415802,0.3024597,0,0,0.0124588,0.01921082,0,0,0.03018951,0.05032349,0,0,0,0,0,0,0
0,0,0,0,0,0,0,0,0,0,0,0,0,0,0,0,0,0,0,0,0,0,0,0,0
0.08715725,10.16403,0,0,33.10699,3.448196,0,0,0.03088379,0.3169098,0,0,0.1099167,0.06991577,0,0,0.06916046,0.163208,0,0,0,0,0,0,0
0.005187988,10.91655,0,0,38.86382,10.30289,0,0,0.01583862,0.4104614,0,0,0.2051163,0.02906799,0,0,0.2987137,0.04415894,0,0,0,0,0,0,0
0,0,0,0,0,0,0,0,0,0,0,0,0,0,0,0,0,0,0,0,0,0,0,0,0
0.002373695,0.01722717,0,0,1.627312,3.041824,0,0,0.04323578,0.3367157,0,0,0.492836,0.01925659,0,0,0.4028397,0.04232788,0,0,0,0,0,0,0
0,0,0,0,0,0,0,0,0,0,0,0,0,0,0,0,0,0,0,0,0,0,0,0,0
0.03156281,0.183197,0,0,0.3449783,1.228775,0,0,0.02560425,0.04296875,0,0,0.3192291,0.0680542,0,0,0.1803436,0.05755615,0,0,0,0,0,0,0
0.01668739,0.1764679,0,0,0.3231735,1.132278,0,0,0.1154938,0.01293945,0,0,0.2855148,0.07583618,0,0,0.1654053,0.03030396,0,0,0,0,0,0,0
0,0,0,0,0,0,0,0,0,0,0,0,0,0,0,0,0,0,0,0,0,0,0,0,0
0.005782127,0.1803589,0,0,0.9287872,1.074036,0,0,0.09772491,0.08351135,0,0,0.2190247,0.05310059,0,0,0.1317902,0.01495361,0,0,0,0,0,0,0
0,0,0,0,0,0,0,0,0,0,0,0,0,0,0,0,0,0,0,0,0,0,0,0,0
0.006266594,0.181839,0,0,0.2349014,0.7038269,0,0,0.160408,0.08123779,0,0,0.1524887,0.04624939,0,0,0.06610107,0.01824951,0,0,0,0,0,0,0
0.003361702,0.1550598,0,0,0.4849548,0.6022186,0,0,0.1157761,0.6564636,0,0,0.1127472,0.02915955,0,0,0.04291534,0.01196289,0,0,0,0,0,0,0
0,0,0,0,0,0,0,0,0,0,0,0,0,0,0,0,0,0,0,0,0,0,0,0,0
0.004356384,8.205612,0,0,17.47816,2.688461,0,0,0.1235733,0.01174927,0,0,0.08512878,0.02302551,0,0,0.02831268,0.008956909,0,0,0,0,0,0,0
0,0,0,0,0,0,0,0,0,0,0,0,0,0,0,0,0,0,0,0,0,0,0,0,0
0.008419991,8.257721,0,0,18.50828,0.7311249,0,0,0.1036682,0.3576355,0,0,0.1164703,0.03442383,0,0,0.03783417,0.0006866455,0,0,0,0,0,0,0
0.003980637,7.98642,0,0,14.4099,3.588425,0,0,0.1106033,0.001037598,0,0,0.05573273,0.002548218,0,0,0.02202606,0.0005187988,0,0,0,0,0,0,0
0,0,0,0,0,0,0,0,0,0,0,0,0,0,0,0,0,0,0,0,0,0,0,0,0
0.004778862,8.028824,0,0,14.82251,3.157608,0,0,0.07811737,0.03764343,0,0,0.03955078,0.01057434,0,0,0.01714325,0.0004119873,0,0,0,0,0,0,0
0,0,0,0,0,0,0,0,0,0,0,0,0,0,0,0,0,0,0,0,0,0,0,0,0
0.005439758,0.3213959,0,0,1.60968,0.03500366,0,0,0.3907394,0.136322,0,0,0.02619934,0.008666992,0,0,0.01747894,0.01519775,0,0,0,0,0,0,0
0.002533913,0.1404724,0,0,0.3071671,0.3216095,0,0,0.4617767,0.3024445,0,0,0.03588104,0.01252747,0,0,0.01952362,0.01263428,0,0,0,0,0,0,0
0,0,0,0,0,0,0,0,0,0,0,0,0,0,0,0,0,0,0,0,0,0,0,0,0
0.002644539,0.3074188,0,0,1.129944,1.487213,0,0,0.5016251,0.4634399,0,0,0.01815033,0.005981445,0,0,0.02383423,0.004974365,0,0,0,0,0,0,0
0.02890682,0.1143951,0,0,0.0681839,0.1806335,0,0,0.7532578,0.09739685,0,0,0.03419495,0.01799011,0,0,0.07064056,0.01187134,0,0,0,0,0,0,0
0,0,0,0,0,0,0,0,0,0,0,0,0,0,0,0,0,0,0,0,0,0,0,0,0
0.03727245,0.04258728,0,0,0.3708725,0.2585449,0,0,0.6492233,0.04034424,0,0,0.008026123,0.003753662,0,0,0.01359558,0.01707458,0,0,0,0,0,0,0
0,0,0,0,0,0,0,0,0,0,0,0,0,0,0,0,0,0,0,0,0,0,0,0,0
0.02008629,9.084412,0,0,24.67867,6.43689,0,0,0.5198288,2.761475,0,0,0.04898071,0.007171631,0,0,0.05821228,0.0003204346,0,0,0,0,0,0,0
0.01778889,9.189224,0,0,21.23769,2.244873,0,0,0.4202271,0.4769135,0,0,0.05702209,0.0160675,0,0,0.06552887,0.00718689,0,0,0,0,0,0,0
0,0,0,0,0,0,0,0,0,0,0,0,0,0,0,0,0,0,0,0,0,0,0,0,0
0.006456375,0.5858154,0,0,4.030922,3.035858,0,0,1.439705,0.7591248,0,0,0.05418396,0.01461792,0,0,0.04936981,0.001663208,0,0,0,0,0,0,0
0,0,0,0,0,0,0,0,0,0,0,0,0,0,0,0,0,0,0,0,0,0,0,0,0
0,0,0,0,0,0,0,0,0,0,0,0,0,0,0,0,0,0,0,0,0,0,0,0,0
0.00549984,10.00381,0,0,31.50439,6.148682,0,0,0.9137421,0.02514648,0,0,0.03383636,0.01324463,0,0,0.04098511,0.01173401,0,0,0,0,0,0,0
0.001218796,9.869476,0,0,30.24616,3.303116,0,0,0.5458755,0.5230865,0,0,0.03111267,0.004562378,0,0,0.03530121,0.01182556,0,0,0,0,0,0,0
0,0,0,0,0,0,0,0,0,0,0,0,0,0,0,0,0,0,0,0,0,0,0,0,0
0.003080368,0.1408691,0,0,0.146759,0.3628464,0,0,0.3751526,0.4218445,0,0,0.03594971,0.002975464,0,0,0.03311157,0.01434326,0,0,0,0,0,0,0
0,0,0,0,0,0,0,0,0,0,0,0,0,0,0,0,0,0,0,0,0,0,0,0,0
0.003626823,0.06143188,0,0,0.5368042,0.9164734,0,0,0.2374115,0.3011169,0,0,0.07032776,0.009918213,0,0,0.03618622,0.01983643,0,0,0,0,0,0,0
0.001039505,0.5425568,0,0,2.077675,1.10421,0,0,0.144455,0.1091461,0,0,0.08935547,0.01052856,0,0,0.0311203,0.01846313,0,0,0,0,0,0,0
0,0,0,0,0,0,0,0,0,0,0,0,0,0,0,0,0,0,0,0,0,0,0,0,0
0.007512093,0.01473999,0,0,0.190834,0.3544312,0,0,0.08732605,0.05883789,0,0,0.07346344,0.0009307861,0,0,0.03070831,0.01177979,0,0,0,0,0,0,0
0.01509571,0.2116547,0,0,0.1462326,0.2367935,0,0,0.04314423,0.01541138,0,0,0.1673508,0.007781982,0,0,0.02819061,0.001617432,0,0,0,0,0,0,0
0,0,0,0,0,0,0,0,0,0,0,0,0,0,0,0,0,0,0,0,0,0,0,0,0
0.01873875,0.04153442,0,0,0.1199646,0.2875061,0,0,0.007514954,0.005310059,0,0,0.2021408,0.01837158,0,0,0.01334381,0.001449585,0,0,0,0,0,0,0
0,0,0,0,0,0,0,0,0,0,0,0,0,0,0,0,0,0,0,0,0,0,0,0,0
0.02044678,0.1367493,0,0,0.01591492,0.1863861,0,0,0.01400757,0.02111816,0,0,0.1714478,0.01509094,0,0,0.01318359,0.002212524,0,0,0,0,0,0,0
0,0,0,0,0,0,0,0,0,0,0,0,0,0,0,0,0,0,0,0,0,0,0,0,0
0.02233601,0.1962891,0,0,0.5192413,0.2485657,0,0,0.03338623,0.6616974,0,0,0.141716,0.01538086,0,0,0.015625,0.003189087,0,0,0,0,0,0,0
0.02276707,0.2663116,0,0,0.7903214,0.8891449,0,0,0.04329681,0.6091919,0,0,0.1308517,0.02513123,0,0,0.01229095,0.005371094,0,0,0,0,0,0,0
0,0,0,0,0,0,0,0,0,0,0,0,0,0,0,0,0,0,0,0,0,0,0,0,0
0.0229063,0.04298401,0,0,0.1984711,0.3848038,0,0,0.0641098,0.4519653,0,0,0.08487701,0.04464722,0,0,0.007644653,0.008743286,0,0,0,0,0,0,0
0.02256012,0.003540039,0,0,0.1215363,0.1964493,0,0,0.06603241,0.3739471,0,0,0.08426666,0.06173706,0,0,0.009284973,0.007644653,0,0,0,0,0,0,0
0,0,0,0,0,0,0,0,0,0,0,0,0,0,0,0,0,0,0,0,0,0,0,0,0
0.01899529,0.17276,0,0,0.1617813,0.1833725,0,0,0.09849548,0.2194672,0,0,0.05838013,0.03167725,0,0,0.02352905,0.007171631,0,0,0,0,0,0,0
0,0,0,0,0,0,0,0,0,0,0,0,0,0,0,0,0,0,0,0,0,0,0,0,0
0.0180521,0.01696777,0,0,0.07765961,0.09944916,0,0,0.1251144,0.2494659,0,0,0.05162811,0.02593994,0,0,0.03113556,0.008209229,0,0,0,0,0,0,0
0.01564121,0.04623413,0,0,0.1600723,0.2140045,0,0,0.1087723,0.3989105,0,0,0.0348587,0.01098633,0,0,0.02989197,0.008422852,0,0,0,0,0,0,0
0,0,0,0,0,0,0,0,0,0,0,0,0,0,0,0,0,0,0,0,0,0,0,0,0
0.01647377,0.09469604,0,0,0.1336823,0.2304382,0,0,0.09593201,0.286026,0,0,0.03210449,0.00440979,0,0,0.04711151,0.001022339,0,0,0,0,0,0,0
0,0,0,0,0,0,0,0,0,0,0,0,0,0,0,0,0,0,0,0,0,0,0,0,0
0.01550102,0.06091309,0,0,0.1282883,0.1837006,0,0,0.07878113,0.1995544,0,0,0.0291214,0.002319336,0,0,0.03652191,0.009597778,0,0,0,0,0,0,0
0.01501274,0.01290894,0,0,0.1161652,0.04497528,0,0,0.08242035,0.1507263,0,0,0.02763367,0.01039124,0,0,0.02379608,0.01202393,0,0,0,0,0,0,0
0,0,0,0,0,0,0,0,0,0,0,0,0,0,0,0,0,0,0,0,0,0,0,0,0
0.01788902,0.05749512,0,0,0.1002426,0.06077576,0,0,0.07943726,0.1071167,0,0,0.01789856,0.00479126,0,0,0.001319885,0.01553345,0,0,0,0,0,0,0
0,0,0,0,0,0,0,0,0,0,0,0,0,0,0,0,0,0,0,0,0,0,0,0,0
0.02610779,0.01301575,0,0,0.004631042,0.04982758,0,0,0.05603027,0.02435303,0,0,0.01696777,0.0009460449,0,0,0.004348755,0.01748657,0,0,0,0,0,0,0
0.0280447,11.77579,0,0,42.12945,10.89167,0,0,0.04689789,0.440506,0,0,0.01152039,0.008911133,0,0,0.005874634,0.01257324,0,0,0,0,0,0,0
0,0,0,0,0,0,0,0,0,0,0,0,0,0,0,0,0,0,0,0,0,0,0,0,0
0.02644348,11.55342,0,0,41.49719,10.46178,0,0,0.02167511,0.4943237,0,0,0.006767273,0.01757813,0,0,0.003829956,0.01037598,0,0,0,0,0,0,0
0,0,0,0,0,0,0,0,0,0,0,0,0,0,0,0,0,0,0,0,0,0,0,0,0
0.01515388,0.007553101,0,0,0.06248474,0.156929,0,0,0.01647186,0.03100586,0,0,0.009559631,0.02789307,0,0,0.01239014,0.006759644,0,0,0,0,0,0,0
0.01237679,11.60202,0,0,42.1026,10.95362,0,0,0.01348877,0.2397156,0,0,0.0216217,0.01716614,0,0,0.03173065,0.003875732,0,0,0,0,0,0,0
0,0,0,0,0,0,0,0,0,0,0,0,0,0,0,0,0,0,0,0,0,0,0,0,0
0.01037979,11.98547,0,0,45.28604,13.77349,0,0,0.0215683,0.081604,0,0,0.01078033,0.02270508,0,0,0.03179932,0.001068115,0,0,0,0,0,0,0
0,0,0,0,0,0,0,0,0,0,0,0,0,0,0,0,0,0,0,0,0,0,0,0,0
0.04288387,12.01028,0,0,46.02623,14.48066,0,0,0.138649,0.1335602,0,0,0.1986389,0.004669189,0,0,0.3286362,0.005905151,0,0,0,0,0,0,0
0.0337429,12.14082,0,0,44.86987,13.47206,0,0,0.1180267,0.03070068,0,0,0.2272644,0.01255798,0,0,0.3001709,0.02772522,0,0,0,0,0,0,0
0,0,0,0,0,0,0,0,0,0,0,0,0,0,0,0,0,0,0,0,0,0,0,0,0
0.01547909,0.06576538,0,0,0.403389,0.3767319,0,0,0.07763672,0.343399,0,0,0.2054672,0.002456665,0,0,0.2552185,0.0388031,0,0,0,0,0,0,0
0,0,0,0,0,0,0,0,0,0,0,0,0,0,0,0,0,0,0,0,0,0,0,0,0
0.0177002,0.04216003,0,0,0.4029312,0.3386383,0,0,0.01860809,0.4560394,0,0,0.1586838,0.001464844,0,0,0.177948,0.0276947,0,0,0,0,0,0,0
0.01143551,0.03723145,0,0,0.1117706,0.08750916,0,0,0.04923248,0.1035309,0,0,0.1283951,0.003128052,0,0,0.1330566,0.03466797,0,0,0,0,0,0,0
0,0,0,0,0,0,0,0,0,0,0,0,0,0,0,0,0,0,0,0,0,0,0,0,0
0.01125622,0.006988525,0,0,0.09187317,0.08158112,0,0,0.01777649,0.2493896,0,0,0.1326447,0.001586914,0,0,0.1470871,0.04524231,0,0,0,0,0,0,0
0,0,0,0,0,0,0,0,0,0,0,0,0,0,0,0,0,0,0,0,0,0,0,0,0
0.01040077,0.07266235,0,0,0.002738953,0.1029663,0,0,0.02070618,0.2005615,0,0,0.08795929,0.00201416,0,0,0